% Επαναληπτική Υλοποίηση

>> format long g;
>> [x,n] = bisect('fex3', -10, 10, fex3(-10), fex3(10), 1.e-10)

x =

          1.56014127911476


n =

    37



% Αναδρομική Υλοποίηση

>> format long g;
>> [x] = bisect_recursive('fex3', -10, 10, fex3(-10), fex3(10), 1.e-10)

x =

          1.56014127907838
