x =

  -48.1615   15.9722   22.2512

Time for version with 2 for loops: 0.33107seconds

y =

  -48.1615
   15.9722
   22.2512

Time for vectorized version: 0.020833seconds
