>> eta = .5*2^(-52)

eta =

   1.1102e-16

>> beta=(1+eta)-1

beta =

     0
