>> A = [4, 1.01; 0.01, 4]

A =

    4.0000    1.0100
    0.0100    4.0000

>> eig(A)

ans =

    4.1005
    3.8995

>> B = [4,1;0,4]

B =

     4     1
     0     4

>> eig(B)

ans =

     4
     4


>> % B is diagonizable and A is not.
