>> A = [1,3,7;(-4),1.2725,(-2)]

A =

    1.0000    3.0000    7.0000
   -4.0000    1.2725   -2.0000

>> eig(A'*A)

ans =

    0.0000
   16.8475
   63.7718

>> norm(A,2)

ans =

    7.9857



>> % norm(A,2) = square root of max of eigen values(spectral radius) of A'*A.
