>> A=[1,2;3,4;5,6]

A =

     1     2
     3     4
     5     6

>> [U,Sigma,V]=svd(A)

U =

   -0.2298    0.8835    0.4082
   -0.5247    0.2408   -0.8165
   -0.8196   -0.4019    0.4082


Sigma =

    9.5255         0
         0    0.5143
         0         0


V =

   -0.6196   -0.7849
   -0.7849    0.6196

>> s=svd(A)

s =

    9.5255
    0.5143
